1
204
14 1 25 29
14 1 26 29
14 2 25 29
14 2 26 29
14 1 2 25 29
14 1 2 26 29
14 2 1 25 29
14 2 1 26 29
14 3 1 25 29
14 3 1 26 29
14 3 2 25 29
14 3 2 26 29
14 4 1 25 29
14 4 1 26 29
14 4 2 25 29
14 4 2 26 29
14 5 1 25 29
14 5 1 26 29
14 5 2 25 29
14 5 2 26 29
14 6 1 25 29
14 6 1 26 29
14 6 2 25 29
14 6 2 26 29
14 7 1 25 29
14 7 1 26 29
14 7 2 25 29
14 7 2 26 29
14 8 1 25 29
14 8 1 26 29
14 8 2 25 29
14 8 2 26 29
14 9 1 25 29
14 9 1 26 29
14 9 2 25 29
14 9 2 26 29
14 10 1 25 29
14 10 1 26 29
14 10 2 25 29
14 10 2 26 29
14 11 1 25 29
14 11 1 26 29
14 11 2 25 29
14 11 2 26 29
14 12 1 25 29
14 12 1 26 29
14 12 2 25 29
14 12 2 26 29
14 13 1 25 29
14 13 1 26 29
14 13 2 25 29
14 13 2 26 29
14 15 1 25 29
14 15 1 26 29
14 15 2 25 29
14 15 2 26 29
14 16 1 25 29
14 16 1 26 29
14 16 2 25 29
14 16 2 26 29
14 17 1 25 29
14 17 1 26 29
14 17 2 25 29
14 17 2 26 29
14 18 1 25 29
14 18 1 26 29
14 18 2 25 29
14 18 2 26 29
14 19 1 25 29
14 19 1 26 29
14 19 2 25 29
14 19 2 26 29
14 20 1 25 29
14 20 1 26 29
14 20 2 25 29
14 20 2 26 29
14 21 1 25 29
14 21 1 26 29
14 21 2 25 29
14 21 2 26 29
14 22 1 25 29
14 22 1 26 29
14 22 2 25 29
14 22 2 26 29
14 23 1 25 29
14 23 1 26 29
14 23 2 25 29
14 23 2 26 29
14 24 1 25 29
14 24 1 26 29
14 24 2 25 29
14 24 2 26 29
14 1 25 26 29
14 1 25 27 29
14 1 25 28 29
14 1 25 30 29
14 1 25 31 29
14 1 25 32 29
14 1 25 33 29
14 1 25 34 29
14 1 25 35 29
14 1 25 36 29
14 1 25 37 29
14 1 25 38 29
14 1 25 39 29
14 1 25 40 29
14 1 25 41 29
14 1 25 42 29
14 1 25 43 29
14 1 25 44 29
14 1 25 45 29
14 1 25 46 29
14 1 25 47 29
14 1 25 48 29
14 1 26 25 29
14 1 26 27 29
14 1 26 28 29
14 1 26 30 29
14 1 26 31 29
14 1 26 32 29
14 1 26 33 29
14 1 26 34 29
14 1 26 35 29
14 1 26 36 29
14 1 26 37 29
14 1 26 38 29
14 1 26 39 29
14 1 26 40 29
14 1 26 41 29
14 1 26 42 29
14 1 26 43 29
14 1 26 44 29
14 1 26 45 29
14 1 26 46 29
14 1 26 47 29
14 1 26 48 29
14 2 25 26 29
14 2 25 27 29
14 2 25 28 29
14 2 25 30 29
14 2 25 31 29
14 2 25 32 29
14 2 25 33 29
14 2 25 34 29
14 2 25 35 29
14 2 25 36 29
14 2 25 37 29
14 2 25 38 29
14 2 25 39 29
14 2 25 40 29
14 2 25 41 29
14 2 25 42 29
14 2 25 43 29
14 2 25 44 29
14 2 25 45 29
14 2 25 46 29
14 2 25 47 29
14 2 25 48 29
14 2 26 25 29
14 2 26 27 29
14 2 26 28 29
14 2 26 30 29
14 2 26 31 29
14 2 26 32 29
14 2 26 33 29
14 2 26 34 29
14 2 26 35 29
14 2 26 36 29
14 2 26 37 29
14 2 26 38 29
14 2 26 39 29
14 2 26 40 29
14 2 26 41 29
14 2 26 42 29
14 2 26 43 29
14 2 26 44 29
14 2 26 45 29
14 2 26 46 29
14 2 26 47 29
14 2 26 48 29
14 1 2 25 29
14 1 2 26 29
14 1 25 26 29
14 1 26 25 29
14 1 49 25 29
14 1 49 26 29
14 1 50 25 29
14 1 50 26 29
14 1 73 25 29
14 1 73 26 29
14 1 74 25 29
14 1 74 26 29
14 2 1 25 29
14 2 1 26 29
14 2 25 26 29
14 2 26 25 29
14 2 49 25 29
14 2 49 26 29
14 2 50 25 29
14 2 50 26 29
14 2 73 25 29
14 2 73 26 29
14 2 74 25 29
14 2 74 26 29
