1
204
30 25 49 70
30 25 50 70
30 26 49 70
30 26 50 70
30 25 26 49 70
30 25 26 50 70
30 26 25 49 70
30 26 25 50 70
30 27 25 49 70
30 27 25 50 70
30 27 26 49 70
30 27 26 50 70
30 28 25 49 70
30 28 25 50 70
30 28 26 49 70
30 28 26 50 70
30 29 25 49 70
30 29 25 50 70
30 29 26 49 70
30 29 26 50 70
30 31 25 49 70
30 31 25 50 70
30 31 26 49 70
30 31 26 50 70
30 32 25 49 70
30 32 25 50 70
30 32 26 49 70
30 32 26 50 70
30 33 25 49 70
30 33 25 50 70
30 33 26 49 70
30 33 26 50 70
30 34 25 49 70
30 34 25 50 70
30 34 26 49 70
30 34 26 50 70
30 35 25 49 70
30 35 25 50 70
30 35 26 49 70
30 35 26 50 70
30 36 25 49 70
30 36 25 50 70
30 36 26 49 70
30 36 26 50 70
30 37 25 49 70
30 37 25 50 70
30 37 26 49 70
30 37 26 50 70
30 38 25 49 70
30 38 25 50 70
30 38 26 49 70
30 38 26 50 70
30 39 25 49 70
30 39 25 50 70
30 39 26 49 70
30 39 26 50 70
30 40 25 49 70
30 40 25 50 70
30 40 26 49 70
30 40 26 50 70
30 41 25 49 70
30 41 25 50 70
30 41 26 49 70
30 41 26 50 70
30 42 25 49 70
30 42 25 50 70
30 42 26 49 70
30 42 26 50 70
30 43 25 49 70
30 43 25 50 70
30 43 26 49 70
30 43 26 50 70
30 44 25 49 70
30 44 25 50 70
30 44 26 49 70
30 44 26 50 70
30 45 25 49 70
30 45 25 50 70
30 45 26 49 70
30 45 26 50 70
30 46 25 49 70
30 46 25 50 70
30 46 26 49 70
30 46 26 50 70
30 47 25 49 70
30 47 25 50 70
30 47 26 49 70
30 47 26 50 70
30 48 25 49 70
30 48 25 50 70
30 48 26 49 70
30 48 26 50 70
30 25 49 50 70
30 25 49 51 70
30 25 49 52 70
30 25 49 53 70
30 25 49 54 70
30 25 49 55 70
30 25 49 56 70
30 25 49 57 70
30 25 49 58 70
30 25 49 59 70
30 25 49 60 70
30 25 49 61 70
30 25 49 62 70
30 25 49 63 70
30 25 49 64 70
30 25 49 65 70
30 25 49 66 70
30 25 49 67 70
30 25 49 68 70
30 25 49 69 70
30 25 49 71 70
30 25 49 72 70
30 25 50 49 70
30 25 50 51 70
30 25 50 52 70
30 25 50 53 70
30 25 50 54 70
30 25 50 55 70
30 25 50 56 70
30 25 50 57 70
30 25 50 58 70
30 25 50 59 70
30 25 50 60 70
30 25 50 61 70
30 25 50 62 70
30 25 50 63 70
30 25 50 64 70
30 25 50 65 70
30 25 50 66 70
30 25 50 67 70
30 25 50 68 70
30 25 50 69 70
30 25 50 71 70
30 25 50 72 70
30 26 49 50 70
30 26 49 51 70
30 26 49 52 70
30 26 49 53 70
30 26 49 54 70
30 26 49 55 70
30 26 49 56 70
30 26 49 57 70
30 26 49 58 70
30 26 49 59 70
30 26 49 60 70
30 26 49 61 70
30 26 49 62 70
30 26 49 63 70
30 26 49 64 70
30 26 49 65 70
30 26 49 66 70
30 26 49 67 70
30 26 49 68 70
30 26 49 69 70
30 26 49 71 70
30 26 49 72 70
30 26 50 49 70
30 26 50 51 70
30 26 50 52 70
30 26 50 53 70
30 26 50 54 70
30 26 50 55 70
30 26 50 56 70
30 26 50 57 70
30 26 50 58 70
30 26 50 59 70
30 26 50 60 70
30 26 50 61 70
30 26 50 62 70
30 26 50 63 70
30 26 50 64 70
30 26 50 65 70
30 26 50 66 70
30 26 50 67 70
30 26 50 68 70
30 26 50 69 70
30 26 50 71 70
30 26 50 72 70
30 25 1 49 70
30 25 1 50 70
30 25 2 49 70
30 25 2 50 70
30 25 26 49 70
30 25 26 50 70
30 25 49 50 70
30 25 50 49 70
30 25 73 49 70
30 25 73 50 70
30 25 74 49 70
30 25 74 50 70
30 26 1 49 70
30 26 1 50 70
30 26 2 49 70
30 26 2 50 70
30 26 25 49 70
30 26 25 50 70
30 26 49 50 70
30 26 50 49 70
30 26 73 49 70
30 26 73 50 70
30 26 74 49 70
30 26 74 50 70
