1
204
52 49 73 93
52 49 74 93
52 50 73 93
52 50 74 93
52 49 50 73 93
52 49 50 74 93
52 50 49 73 93
52 50 49 74 93
52 51 49 73 93
52 51 49 74 93
52 51 50 73 93
52 51 50 74 93
52 53 49 73 93
52 53 49 74 93
52 53 50 73 93
52 53 50 74 93
52 54 49 73 93
52 54 49 74 93
52 54 50 73 93
52 54 50 74 93
52 55 49 73 93
52 55 49 74 93
52 55 50 73 93
52 55 50 74 93
52 56 49 73 93
52 56 49 74 93
52 56 50 73 93
52 56 50 74 93
52 57 49 73 93
52 57 49 74 93
52 57 50 73 93
52 57 50 74 93
52 58 49 73 93
52 58 49 74 93
52 58 50 73 93
52 58 50 74 93
52 59 49 73 93
52 59 49 74 93
52 59 50 73 93
52 59 50 74 93
52 60 49 73 93
52 60 49 74 93
52 60 50 73 93
52 60 50 74 93
52 61 49 73 93
52 61 49 74 93
52 61 50 73 93
52 61 50 74 93
52 62 49 73 93
52 62 49 74 93
52 62 50 73 93
52 62 50 74 93
52 63 49 73 93
52 63 49 74 93
52 63 50 73 93
52 63 50 74 93
52 64 49 73 93
52 64 49 74 93
52 64 50 73 93
52 64 50 74 93
52 65 49 73 93
52 65 49 74 93
52 65 50 73 93
52 65 50 74 93
52 66 49 73 93
52 66 49 74 93
52 66 50 73 93
52 66 50 74 93
52 67 49 73 93
52 67 49 74 93
52 67 50 73 93
52 67 50 74 93
52 68 49 73 93
52 68 49 74 93
52 68 50 73 93
52 68 50 74 93
52 69 49 73 93
52 69 49 74 93
52 69 50 73 93
52 69 50 74 93
52 70 49 73 93
52 70 49 74 93
52 70 50 73 93
52 70 50 74 93
52 71 49 73 93
52 71 49 74 93
52 71 50 73 93
52 71 50 74 93
52 72 49 73 93
52 72 49 74 93
52 72 50 73 93
52 72 50 74 93
52 49 73 74 93
52 49 73 75 93
52 49 73 76 93
52 49 73 77 93
52 49 73 78 93
52 49 73 79 93
52 49 73 80 93
52 49 73 81 93
52 49 73 82 93
52 49 73 83 93
52 49 73 84 93
52 49 73 85 93
52 49 73 86 93
52 49 73 87 93
52 49 73 88 93
52 49 73 89 93
52 49 73 90 93
52 49 73 91 93
52 49 73 92 93
52 49 73 94 93
52 49 73 95 93
52 49 73 96 93
52 49 74 73 93
52 49 74 75 93
52 49 74 76 93
52 49 74 77 93
52 49 74 78 93
52 49 74 79 93
52 49 74 80 93
52 49 74 81 93
52 49 74 82 93
52 49 74 83 93
52 49 74 84 93
52 49 74 85 93
52 49 74 86 93
52 49 74 87 93
52 49 74 88 93
52 49 74 89 93
52 49 74 90 93
52 49 74 91 93
52 49 74 92 93
52 49 74 94 93
52 49 74 95 93
52 49 74 96 93
52 50 73 74 93
52 50 73 75 93
52 50 73 76 93
52 50 73 77 93
52 50 73 78 93
52 50 73 79 93
52 50 73 80 93
52 50 73 81 93
52 50 73 82 93
52 50 73 83 93
52 50 73 84 93
52 50 73 85 93
52 50 73 86 93
52 50 73 87 93
52 50 73 88 93
52 50 73 89 93
52 50 73 90 93
52 50 73 91 93
52 50 73 92 93
52 50 73 94 93
52 50 73 95 93
52 50 73 96 93
52 50 74 73 93
52 50 74 75 93
52 50 74 76 93
52 50 74 77 93
52 50 74 78 93
52 50 74 79 93
52 50 74 80 93
52 50 74 81 93
52 50 74 82 93
52 50 74 83 93
52 50 74 84 93
52 50 74 85 93
52 50 74 86 93
52 50 74 87 93
52 50 74 88 93
52 50 74 89 93
52 50 74 90 93
52 50 74 91 93
52 50 74 92 93
52 50 74 94 93
52 50 74 95 93
52 50 74 96 93
52 49 1 73 93
52 49 1 74 93
52 49 2 73 93
52 49 2 74 93
52 49 25 73 93
52 49 25 74 93
52 49 26 73 93
52 49 26 74 93
52 49 50 73 93
52 49 50 74 93
52 49 73 74 93
52 49 74 73 93
52 50 1 73 93
52 50 1 74 93
52 50 2 73 93
52 50 2 74 93
52 50 25 73 93
52 50 25 74 93
52 50 26 73 93
52 50 26 74 93
52 50 49 73 93
52 50 49 74 93
52 50 73 74 93
52 50 74 73 93
