1
204
6 1 73 81
6 1 74 81
6 2 73 81
6 2 74 81
6 1 2 73 81
6 1 2 74 81
6 2 1 73 81
6 2 1 74 81
6 3 1 73 81
6 3 1 74 81
6 3 2 73 81
6 3 2 74 81
6 4 1 73 81
6 4 1 74 81
6 4 2 73 81
6 4 2 74 81
6 5 1 73 81
6 5 1 74 81
6 5 2 73 81
6 5 2 74 81
6 7 1 73 81
6 7 1 74 81
6 7 2 73 81
6 7 2 74 81
6 8 1 73 81
6 8 1 74 81
6 8 2 73 81
6 8 2 74 81
6 9 1 73 81
6 9 1 74 81
6 9 2 73 81
6 9 2 74 81
6 10 1 73 81
6 10 1 74 81
6 10 2 73 81
6 10 2 74 81
6 11 1 73 81
6 11 1 74 81
6 11 2 73 81
6 11 2 74 81
6 12 1 73 81
6 12 1 74 81
6 12 2 73 81
6 12 2 74 81
6 13 1 73 81
6 13 1 74 81
6 13 2 73 81
6 13 2 74 81
6 14 1 73 81
6 14 1 74 81
6 14 2 73 81
6 14 2 74 81
6 15 1 73 81
6 15 1 74 81
6 15 2 73 81
6 15 2 74 81
6 16 1 73 81
6 16 1 74 81
6 16 2 73 81
6 16 2 74 81
6 17 1 73 81
6 17 1 74 81
6 17 2 73 81
6 17 2 74 81
6 18 1 73 81
6 18 1 74 81
6 18 2 73 81
6 18 2 74 81
6 19 1 73 81
6 19 1 74 81
6 19 2 73 81
6 19 2 74 81
6 20 1 73 81
6 20 1 74 81
6 20 2 73 81
6 20 2 74 81
6 21 1 73 81
6 21 1 74 81
6 21 2 73 81
6 21 2 74 81
6 22 1 73 81
6 22 1 74 81
6 22 2 73 81
6 22 2 74 81
6 23 1 73 81
6 23 1 74 81
6 23 2 73 81
6 23 2 74 81
6 24 1 73 81
6 24 1 74 81
6 24 2 73 81
6 24 2 74 81
6 1 73 74 81
6 1 73 75 81
6 1 73 76 81
6 1 73 77 81
6 1 73 78 81
6 1 73 79 81
6 1 73 80 81
6 1 73 82 81
6 1 73 83 81
6 1 73 84 81
6 1 73 85 81
6 1 73 86 81
6 1 73 87 81
6 1 73 88 81
6 1 73 89 81
6 1 73 90 81
6 1 73 91 81
6 1 73 92 81
6 1 73 93 81
6 1 73 94 81
6 1 73 95 81
6 1 73 96 81
6 1 74 73 81
6 1 74 75 81
6 1 74 76 81
6 1 74 77 81
6 1 74 78 81
6 1 74 79 81
6 1 74 80 81
6 1 74 82 81
6 1 74 83 81
6 1 74 84 81
6 1 74 85 81
6 1 74 86 81
6 1 74 87 81
6 1 74 88 81
6 1 74 89 81
6 1 74 90 81
6 1 74 91 81
6 1 74 92 81
6 1 74 93 81
6 1 74 94 81
6 1 74 95 81
6 1 74 96 81
6 2 73 74 81
6 2 73 75 81
6 2 73 76 81
6 2 73 77 81
6 2 73 78 81
6 2 73 79 81
6 2 73 80 81
6 2 73 82 81
6 2 73 83 81
6 2 73 84 81
6 2 73 85 81
6 2 73 86 81
6 2 73 87 81
6 2 73 88 81
6 2 73 89 81
6 2 73 90 81
6 2 73 91 81
6 2 73 92 81
6 2 73 93 81
6 2 73 94 81
6 2 73 95 81
6 2 73 96 81
6 2 74 73 81
6 2 74 75 81
6 2 74 76 81
6 2 74 77 81
6 2 74 78 81
6 2 74 79 81
6 2 74 80 81
6 2 74 82 81
6 2 74 83 81
6 2 74 84 81
6 2 74 85 81
6 2 74 86 81
6 2 74 87 81
6 2 74 88 81
6 2 74 89 81
6 2 74 90 81
6 2 74 91 81
6 2 74 92 81
6 2 74 93 81
6 2 74 94 81
6 2 74 95 81
6 2 74 96 81
6 1 2 73 81
6 1 2 74 81
6 1 25 73 81
6 1 25 74 81
6 1 26 73 81
6 1 26 74 81
6 1 49 73 81
6 1 49 74 81
6 1 50 73 81
6 1 50 74 81
6 1 73 74 81
6 1 74 73 81
6 2 1 73 81
6 2 1 74 81
6 2 25 73 81
6 2 25 74 81
6 2 26 73 81
6 2 26 74 81
6 2 49 73 81
6 2 49 74 81
6 2 50 73 81
6 2 50 74 81
6 2 73 74 81
6 2 74 73 81
